0.0
0.0
0.0
0.0
0.0
0.0
0.0
0.0
0.0
0.0
0.0
0.0
0.0
0.0
0.0
0.0
0.0
0.0
0.0
0.0
0.0
0.0
0.0
0.0
0.0
0.0
0.0
0.0
0.0
0.0
0.0
0.0
0.0
0.0
0.0
0.0
0.0
0.0
0.0
0.0
0.0
0.0
0.0
0.0
0.0
0.0
0.0
0.0
0.0
0.0
0.0
0.0
0.0
0.0
0.0
0.0
0.0
0.0
0.0
0.0
0.0
0.0
0.0
0.0
0.0
0.0
367.5
373.73
386.84
393.75
393.75
0.0
0.0
0.0
0.0
334.09
310.56
286.36
237.1
216.18
196.88
202.29
216.18
0.0
0.0
0.0
0.0
0.0
0.0
272.22
256.4
245.0
229.69
220.5
210.0
204.17
193.42
188.46
186.86
190.09
195.13
204.17
0.0
239.67
0.0
319.57
350.0
373.73
393.75
0.0
0.0
0.0
0.0
0.0
0.0
0.0
253.45
253.45
0.0
302.05
302.05
294.0
272.22
242.31
0.0
136.11
94.23
98.0
0.0
0.0
0.0
0.0
0.0
0.0
214.08
208.02
210.0
218.32
227.32
234.57
0.0
256.4
272.22
282.69
294.0
302.05
302.05
286.36
265.66
247.75
225.0
216.18
204.17
0.0
0.0
0.0
0.0
0.0
0.0
0.0
245.0
250.57
247.75
245.0
245.0
242.31
239.67
234.57
225.0
242.31
242.31
245.0
242.31
234.57
232.11
220.5
204.17
188.46
159.78
124.58
0.0
0.0
0.0
0.0
0.0
0.0
0.0
0.0
0.0
0.0
0.0
0.0
0.0
0.0
0.0
0.0
0.0
0.0
0.0
239.67
237.1
227.32
222.73
218.32
0.0
210.0
212.02
216.18
0.0
237.1
247.75
0.0
294.0
306.25
315.0
319.57
324.26
324.26
319.57
315.0
310.56
306.25
306.25
306.25
306.25
310.56
310.56
306.25
306.25
302.05
297.97
286.36
268.9
265.66
268.9
275.62
286.36
282.69
259.41
262.5
143.18
0.0
214.08
239.67
239.67
239.67
245.0
250.57
250.57
234.57
0.0
0.0
0.0
0.0
0.0
0.0
0.0
0.0
239.67
232.11
220.5
218.32
216.18
216.18
0.0
0.0
0.0
275.62
0.0
0.0
0.0
0.0
0.0
0.0
290.13
268.9
250.57
225.0
0.0
0.0
183.75
180.74
183.75
188.46
195.13
206.07
204.17
206.07
206.07
204.17
198.65
190.09
188.46
0.0
0.0
0.0
0.0
0.0
0.0
0.0
0.0
0.0
0.0
0.0
0.0
0.0
0.0
0.0
0.0
0.0
0.0
0.0
0.0
0.0
0.0
232.11
225.0
218.32
212.02
206.07
202.29
0.0
202.29
200.45
0.0
0.0
0.0
202.29
196.88
190.09
193.42
193.42
204.17
218.32
225.0
234.57
237.1
0.0
0.0
0.0
0.0
319.57
319.57
329.1
350.0
361.48
380.17
386.84
0.0
0.0
0.0
0.0
0.0
0.0
0.0
0.0
0.0
0.0
279.11
265.66
247.75
242.31
232.11
0.0
0.0
0.0
0.0
250.57
275.62
294.0
306.25
0.0
0.0
0.0
0.0
0.0
0.0
272.22
0.0
275.62
279.11
286.36
297.97
315.0
339.23
350.0
367.5
380.17
0.0
0.0
0.0
0.0
0.0
0.0
0.0
0.0
0.0
0.0
0.0
0.0
0.0
0.0
0.0
0.0
0.0
0.0
0.0
0.0
0.0
0.0
0.0
0.0
0.0
0.0
0.0
0.0
0.0
0.0
0.0
0.0
0.0
0.0
0.0
0.0
0.0
0.0
0.0
0.0
0.0
0.0
0.0
0.0
0.0
0.0
0.0
0.0
0.0
0.0
0.0
0.0
0.0
0.0
0.0
0.0
0.0
0.0
0.0
0.0
0.0
0.0
0.0
0.0
0.0
0.0
