0.0
0.0
0.0
0.0
0.0
0.0
0.0
0.0
0.0
0.0
0.0
0.0
0.0
0.0
0.0
0.0
0.0
0.0
0.0
0.0
0.0
0.0
0.0
0.0
0.0
0.0
0.0
0.0
0.0
0.0
0.0
0.0
0.0
0.0
0.0
0.0
0.0
0.0
0.0
0.0
0.0
0.0
0.0
0.0
0.0
0.0
0.0
0.0
0.0
0.0
0.0
0.0
0.0
0.0
0.0
0.0
0.0
0.0
0.0
0.0
0.0
0.0
0.0
256.4
259.41
259.41
259.41
259.41
0.0
210.0
0.0
237.1
214.08
206.07
0.0
0.0
0.0
0.0
0.0
0.0
0.0
0.0
0.0
0.0
0.0
193.42
190.09
0.0
154.2
0.0
130.47
0.0
126.72
132.83
0.0
0.0
172.27
0.0
206.07
222.73
232.11
237.1
0.0
0.0
206.07
204.17
198.65
0.0
242.31
237.1
214.08
195.13
175.0
134.45
0.0
0.0
0.0
0.0
0.0
0.0
0.0
0.0
0.0
0.0
0.0
141.35
140.45
139.56
140.45
0.0
152.07
158.63
165.79
168.32
117.29
0.0
183.75
185.29
183.75
177.82
168.32
159.78
0.0
0.0
0.0
0.0
0.0
0.0
0.0
0.0
0.0
183.75
183.75
183.75
182.23
175.0
0.0
0.0
168.32
170.93
0.0
0.0
182.23
188.46
190.09
183.75
168.32
155.28
0.0
0.0
0.0
0.0
0.0
0.0
0.0
0.0
148.99
150.0
0.0
0.0
121.15
122.5
123.18
119.84
119.19
118.55
116.05
117.29
120.49
0.0
128.2
132.04
0.0
147.99
152.07
155.28
159.78
162.13
162.13
162.13
167.05
167.05
165.79
165.79
164.55
0.0
168.32
167.05
167.05
167.05
165.79
163.33
159.78
151.03
151.03
150.0
148.99
150.0
158.63
162.13
164.55
160.95
153.12
0.0
0.0
0.0
0.0
0.0
111.36
154.2
154.2
152.07
144.12
0.0
0.0
0.0
0.0
0.0
0.0
0.0
0.0
0.0
0.0
143.18
140.45
138.68
143.18
147.0
0.0
0.0
0.0
0.0
0.0
0.0
204.17
195.13
177.82
159.78
0.0
0.0
132.83
132.83
133.64
0.0
139.56
140.45
140.45
136.11
134.45
129.71
128.95
128.2
0.0
0.0
0.0
0.0
0.0
0.0
160.95
130.47
130.47
129.71
0.0
0.0
0.0
0.0
121.15
121.82
121.82
123.18
125.28
0.0
129.71
0.0
0.0
0.0
0.0
0.0
0.0
183.75
196.88
204.17
212.02
216.18
216.18
0.0
0.0
0.0
0.0
0.0
0.0
0.0
0.0
0.0
173.62
173.62
172.27
0.0
0.0
188.46
200.45
206.07
208.02
0.0
0.0
0.0
198.65
196.88
191.74
186.86
185.29
0.0
200.45
204.17
208.02
214.08
225.0
229.69
237.1
237.1
225.0
0.0
0.0
0.0
0.0
0.0
0.0
0.0
0.0
0.0
0.0
0.0
0.0
0.0
0.0
0.0
0.0
0.0
0.0
0.0
0.0
0.0
0.0
0.0
0.0
0.0
0.0
0.0
0.0
0.0
0.0
0.0
0.0
0.0
0.0
0.0
0.0
0.0
0.0
0.0
0.0
0.0
0.0
0.0
0.0
0.0
0.0
0.0
0.0
0.0
0.0
0.0
