0.0
0.0
0.0
0.0
0.0
0.0
0.0
0.0
0.0
0.0
0.0
0.0
0.0
0.0
0.0
0.0
0.0
0.0
0.0
0.0
0.0
0.0
0.0
0.0
0.0
0.0
0.0
0.0
0.0
0.0
0.0
0.0
0.0
0.0
0.0
0.0
0.0
0.0
0.0
0.0
0.0
280.7
275.86
275.86
275.86
275.86
271.19
266.67
0.0
0.0
0.0
0.0
0.0
0.0
0.0
280.7
285.71
280.7
275.86
275.86
271.19
266.67
262.3
262.3
262.3
262.3
262.3
258.06
258.06
262.3
262.3
266.67
271.19
271.19
271.19
271.19
271.19
250.0
242.42
225.35
228.57
216.22
0.0
207.79
200.0
0.0
0.0
110.34
0.0
0.0
0.0
0.0
0.0
0.0
0.0
0.0
253.97
253.97
258.06
253.97
258.06
258.06
258.06
253.97
242.42
0.0
0.0
0.0
0.0
0.0
238.81
228.57
222.22
210.53
197.53
179.78
132.23
0.0
0.0
0.0
0.0
0.0
222.22
216.22
0.0
0.0
0.0
242.42
242.42
242.42
238.81
235.29
231.88
163.27
172.04
104.58
107.38
333.33
307.69
313.73
340.43
363.64
372.09
0.0
0.0
0.0
0.0
0.0
0.0
0.0
0.0
0.0
0.0
0.0
0.0
0.0
0.0
0.0
0.0
0.0
0.0
0.0
0.0
0.0
0.0
290.91
262.3
266.67
271.19
275.86
275.86
280.7
275.86
271.19
266.67
262.3
262.3
258.06
0.0
250.0
235.29
231.88
125.98
0.0
0.0
0.0
205.13
186.05
0.0
222.22
219.18
213.33
213.33
213.33
213.33
210.53
207.79
202.53
202.53
197.53
192.77
188.24
186.05
0.0
0.0
0.0
0.0
195.12
88.4
0.0
200.0
0.0
0.0
0.0
0.0
0.0
0.0
0.0
0.0
0.0
0.0
0.0
0.0
222.22
219.18
210.53
205.13
202.53
200.0
202.53
207.79
210.53
216.22
228.57
242.42
228.57
0.0
0.0
0.0
275.86
340.43
313.73
320.0
320.0
326.53
0.0
0.0
0.0
0.0
0.0
0.0
242.42
125.98
126.98
128.0
88.89
84.21
68.09
0.0
0.0
0.0
0.0
0.0
0.0
0.0
0.0
262.3
266.67
262.3
258.06
253.97
258.06
258.06
253.97
253.97
253.97
253.97
253.97
258.06
253.97
250.0
246.15
0.0
0.0
0.0
0.0
0.0
0.0
0.0
0.0
0.0
0.0
0.0
0.0
0.0
0.0
0.0
0.0
0.0
0.0
0.0
0.0
0.0
0.0
0.0
0.0
0.0
0.0
0.0
0.0
0.0
0.0
0.0
0.0
0.0
0.0
0.0
0.0
0.0
0.0
0.0
0.0
0.0
0.0
0.0
0.0
0.0
