0.0
0.0
0.0
0.0
0.0
0.0
0.0
0.0
0.0
0.0
0.0
0.0
0.0
0.0
0.0
0.0
0.0
0.0
0.0
0.0
0.0
0.0
0.0
0.0
0.0
0.0
0.0
0.0
0.0
0.0
0.0
0.0
0.0
0.0
0.0
0.0
0.0
0.0
0.0
0.0
0.0
0.0
0.0
0.0
0.0
0.0
0.0
363.64
271.19
0.0
148.15
135.59
130.08
121.21
114.29
108.11
105.96
207.79
100.63
0.0
0.0
0.0
0.0
0.0
131.15
118.52
117.65
116.79
116.79
114.29
112.68
0.0
0.0
0.0
0.0
0.0
0.0
115.94
115.11
118.52
117.65
0.0
0.0
0.0
0.0
0.0
0.0
144.14
139.13
132.23
129.03
125.0
123.08
119.4
119.4
114.29
0.0
0.0
0.0
115.94
112.68
112.68
112.68
115.11
119.4
121.21
124.03
125.0
129.03
135.59
142.86
141.59
140.35
137.93
134.45
130.08
0.0
0.0
0.0
0.0
0.0
0.0
0.0
0.0
0.0
0.0
0.0
122.14
115.11
105.96
102.56
100.63
98.16
101.27
101.91
101.27
102.56
103.9
103.9
103.23
105.26
105.26
106.67
108.11
109.59
111.89
118.52
124.03
0.0
0.0
0.0
347.83
0.0
0.0
0.0
134.45
126.98
120.3
118.52
113.48
114.29
111.89
0.0
0.0
0.0
0.0
131.15
124.03
123.08
131.15
135.59
0.0
0.0
0.0
0.0
0.0
0.0
0.0
0.0
111.89
111.89
111.89
113.48
113.48
0.0
0.0
0.0
0.0
0.0
0.0
0.0
155.34
155.34
158.42
156.86
0.0
0.0
0.0
0.0
0.0
0.0
0.0
0.0
0.0
0.0
0.0
0.0
0.0
0.0
0.0
0.0
0.0
0.0
0.0
0.0
0.0
0.0
0.0
0.0
0.0
0.0
0.0
0.0
0.0
160.0
142.86
140.35
137.93
135.59
135.59
135.59
134.45
146.79
0.0
0.0
280.7
0.0
121.21
120.3
120.3
122.14
121.21
0.0
0.0
0.0
0.0
0.0
0.0
133.33
128.0
118.52
115.94
111.89
0.0
0.0
0.0
0.0
0.0
0.0
0.0
146.79
146.79
0.0
0.0
0.0
0.0
0.0
0.0
0.0
146.79
134.45
117.65
103.23
0.0
101.91
0.0
101.91
105.96
108.11
115.11
118.52
121.21
125.98
129.03
130.08
130.08
129.03
130.08
131.15
129.03
126.98
125.0
123.08
117.65
113.48
0.0
0.0
0.0
0.0
0.0
0.0
0.0
0.0
0.0
0.0
0.0
0.0
0.0
0.0
0.0
0.0
0.0
0.0
0.0
0.0
0.0
0.0
0.0
0.0
0.0
0.0
0.0
0.0
0.0
0.0
166.67
246.15
115.94
111.89
103.23
100.0
100.63
101.27
99.38
0.0
0.0
0.0
0.0
0.0
0.0
155.34
145.45
146.79
153.85
0.0
0.0
0.0
0.0
0.0
0.0
0.0
0.0
0.0
106.67
107.38
101.91
100.0
101.91
102.56
101.91
101.91
101.91
100.63
100.63
99.38
100.0
100.63
0.0
0.0
0.0
0.0
107.38
104.58
104.58
103.9
103.9
103.9
100.63
0.0
0.0
0.0
0.0
0.0
0.0
0.0
0.0
0.0
0.0
0.0
0.0
0.0
0.0
0.0
0.0
0.0
0.0
0.0
0.0
0.0
0.0
0.0
0.0
124.03
119.4
117.65
0.0
115.94
115.11
112.68
108.84
0.0
103.9
0.0
0.0
0.0
0.0
0.0
0.0
0.0
0.0
0.0
0.0
134.45
133.33
132.23
130.08
128.0
126.98
128.0
125.98
129.03
125.98
125.0
125.0
125.98
125.98
125.0
125.0
125.0
125.0
125.98
121.21
0.0
0.0
0.0
124.03
111.11
110.34
109.59
108.11
111.11
111.11
111.11
0.0
0.0
207.79
134.45
0.0
145.45
144.14
144.14
144.14
141.59
0.0
0.0
0.0
0.0
96.39
0.0
0.0
0.0
116.79
110.34
108.11
106.67
105.26
105.96
0.0
111.11
0.0
0.0
0.0
0.0
0.0
0.0
0.0
0.0
0.0
0.0
0.0
0.0
0.0
0.0
0.0
0.0
0.0
0.0
0.0
0.0
0.0
0.0
0.0
0.0
0.0
0.0
0.0
0.0
0.0
0.0
0.0
0.0
0.0
0.0
0.0
0.0
0.0
0.0
0.0
0.0
0.0
0.0
0.0
0.0
0.0
0.0
0.0
0.0
0.0
0.0
0.0
0.0
0.0
0.0
0.0
0.0
0.0
