0.00
0.00
0.00
0.00
0.00
0.00
0.00
0.00
0.00
0.00
0.00
0.00
0.00
0.00
0.00
0.00
0.00
0.00
0.00
0.00
0.00
0.00
0.00
0.00
0.00
0.00
0.00
0.00
0.00
0.00
0.00
0.00
0.00
0.00
0.00
0.00
0.00
0.00
0.00
0.00
0.00
0.00
0.00
0.00
0.00
0.00
0.00
0.00
0.00
0.00
0.00
0.00
0.00
0.00
0.00
0.00
0.00
0.00
0.00
0.00
0.00
0.00
0.00
0.00
0.00
86.13
64.60
355.30
376.83
64.60
86.13
0.00
0.00
0.00
0.00
96.90
301.46
258.40
236.87
204.57
193.80
204.57
204.57
204.57
193.80
0.00
204.57
204.57
107.67
226.10
247.63
226.10
215.33
204.57
204.57
193.80
193.80
183.03
183.03
183.03
193.80
193.80
204.57
226.10
247.63
279.93
323.00
355.30
172.27
75.37
0.00
0.00
0.00
0.00
129.20
236.87
236.87
236.87
236.87
290.70
279.93
269.17
247.63
215.33
193.80
226.10
193.80
204.57
139.97
193.80
0.00
0.00
107.67
215.33
204.57
204.57
204.57
204.57
215.33
226.10
236.87
247.63
258.40
269.17
279.93
290.70
290.70
269.17
247.63
236.87
215.33
204.57
193.80
183.03
0.00
0.00
0.00
0.00
204.57
204.57
226.10
236.87
236.87
236.87
236.87
226.10
226.10
215.33
215.33
215.33
226.10
226.10
226.10
226.10
215.33
215.33
193.80
183.03
150.73
226.10
215.33
0.00
0.00
0.00
0.00
0.00
0.00
0.00
0.00
0.00
0.00
0.00
0.00
0.00
0.00
0.00
0.00
215.33
215.33
236.87
226.10
215.33
215.33
204.57
204.57
204.57
204.57
204.57
215.33
226.10
236.87
247.63
279.93
290.70
290.70
301.46
301.46
301.46
301.46
301.46
279.93
290.70
290.70
290.70
290.70
290.70
290.70
290.70
290.70
279.93
269.17
247.63
247.63
247.63
247.63
247.63
269.17
258.40
236.87
204.57
236.87
129.20
193.80
226.10
226.10
226.10
236.87
236.87
236.87
215.33
0.00
0.00
0.00
0.00
0.00
0.00
0.00
226.10
226.10
215.33
215.33
204.57
204.57
204.57
215.33
226.10
247.63
247.63
247.63
0.00
0.00
0.00
0.00
258.40
279.93
247.63
236.87
215.33
204.57
183.03
183.03
172.27
183.03
183.03
193.80
193.80
204.57
204.57
193.80
193.80
193.80
183.03
183.03
172.27
172.27
161.50
139.97
0.00
0.00
0.00
0.00
0.00
0.00
0.00
0.00
0.00
0.00
0.00
0.00
0.00
0.00
0.00
0.00
0.00
215.33
215.33
215.33
204.57
204.57
204.57
193.80
193.80
193.80
193.80
183.03
161.50
193.80
193.80
193.80
183.03
193.80
183.03
193.80
204.57
215.33
226.10
226.10
204.57
0.00
0.00
0.00
247.63
301.46
323.00
323.00
355.30
366.06
64.60
0.00
0.00
0.00
0.00
0.00
0.00
0.00
0.00
107.67
129.20
247.63
247.63
236.87
226.10
215.33
204.57
193.80
193.80
204.57
236.87
258.40
279.93
269.17
269.17
0.00
0.00
0.00
0.00
247.63
258.40
247.63
258.40
258.40
269.17
279.93
290.70
323.00
333.76
355.30
355.30
236.87
0.00
0.00
0.00
0.00
0.00
0.00
0.00
0.00
0.00
0.00
0.00
0.00
0.00
0.00
0.00
0.00
0.00
0.00
0.00
0.00
0.00
0.00
0.00
0.00
0.00
0.00
0.00
0.00
0.00
0.00
0.00
0.00
0.00
0.00
0.00
0.00
0.00
0.00
0.00
0.00
0.00
0.00
0.00
0.00
0.00
0.00
0.00
0.00
0.00
0.00
0.00
0.00
0.00
0.00
0.00
0.00
0.00
0.00
0.00
0.00
0.00
0.00
0.00
0.00
