0.00
0.00
0.00
0.00
0.00
0.00
0.00
0.00
0.00
0.00
0.00
0.00
0.00
0.00
0.00
0.00
0.00
0.00
0.00
0.00
0.00
0.00
0.00
0.00
0.00
0.00
0.00
0.00
0.00
0.00
0.00
0.00
0.00
0.00
0.00
0.00
0.00
0.00
0.00
0.00
0.00
0.00
0.00
0.00
0.00
0.00
0.00
0.00
0.00
0.00
0.00
0.00
0.00
0.00
0.00
0.00
0.00
0.00
0.00
0.00
0.00
204.57
236.87
236.87
236.87
247.63
226.10
204.57
204.57
204.57
204.57
226.10
204.57
204.57
183.03
139.97
139.97
161.50
161.50
150.73
139.97
183.03
161.50
139.97
193.80
193.80
183.03
161.50
161.50
139.97
139.97
129.20
129.20
129.20
129.20
139.97
161.50
193.80
193.80
204.57
226.10
204.57
193.80
193.80
204.57
204.57
204.57
215.33
226.10
215.33
204.57
193.80
150.73
139.97
107.67
150.73
139.97
118.43
0.00
0.00
0.00
139.97
204.57
193.80
139.97
139.97
139.97
139.97
139.97
139.97
150.73
150.73
161.50
172.27
172.27
183.03
183.03
183.03
183.03
161.50
161.50
161.50
150.73
139.97
129.20
129.20
0.00
0.00
139.97
183.03
183.03
172.27
183.03
183.03
172.27
172.27
161.50
172.27
172.27
172.27
172.27
183.03
183.03
183.03
183.03
172.27
161.50
150.73
150.73
215.33
172.27
215.33
150.73
161.50
172.27
96.90
139.97
150.73
150.73
139.97
139.97
118.43
129.20
118.43
118.43
118.43
118.43
118.43
118.43
118.43
129.20
129.20
139.97
139.97
150.73
150.73
150.73
161.50
161.50
161.50
161.50
161.50
161.50
161.50
161.50
161.50
172.27
161.50
161.50
161.50
161.50
161.50
150.73
150.73
150.73
150.73
150.73
150.73
150.73
161.50
161.50
161.50
150.73
107.67
150.73
0.00
193.80
193.80
215.33
139.97
150.73
150.73
150.73
139.97
129.20
129.20
0.00
0.00
0.00
0.00
0.00
161.50
161.50
139.97
139.97
139.97
139.97
139.97
150.73
161.50
150.73
161.50
129.20
204.57
204.57
193.80
161.50
161.50
150.73
139.97
129.20
129.20
129.20
129.20
139.97
139.97
139.97
139.97
129.20
129.20
129.20
129.20
129.20
129.20
129.20
150.73
0.00
0.00
161.50
139.97
129.20
129.20
129.20
129.20
129.20
118.43
118.43
118.43
118.43
118.43
129.20
118.43
129.20
129.20
129.20
129.20
139.97
150.73
172.27
183.03
193.80
193.80
204.57
204.57
204.57
193.80
0.00
0.00
0.00
139.97
161.50
139.97
183.03
183.03
161.50
172.27
161.50
161.50
161.50
193.80
193.80
193.80
193.80
193.80
193.80
193.80
193.80
193.80
183.03
183.03
183.03
193.80
193.80
193.80
204.57
204.57
215.33
226.10
226.10
204.57
215.33
0.00
0.00
0.00
0.00
0.00
0.00
0.00
0.00
0.00
0.00
0.00
0.00
0.00
0.00
0.00
0.00
0.00
0.00
0.00
0.00
0.00
0.00
0.00
0.00
0.00
0.00
0.00
0.00
0.00
0.00
0.00
0.00
0.00
0.00
0.00
0.00
0.00
0.00
0.00
0.00
0.00
0.00
0.00
0.00
0.00
0.00
0.00
0.00
0.00
0.00
