0.00
0.00
0.00
0.00
0.00
0.00
0.00
0.00
0.00
0.00
0.00
0.00
0.00
0.00
0.00
0.00
0.00
0.00
0.00
0.00
0.00
0.00
0.00
0.00
0.00
0.00
0.00
0.00
0.00
0.00
0.00
0.00
0.00
0.00
0.00
0.00
0.00
0.00
0.00
0.00
0.00
0.00
0.00
0.00
0.00
0.00
0.00
62.50
148.44
62.50
156.25
140.62
132.81
117.19
117.19
109.38
109.38
195.31
101.56
125.00
0.00
0.00
0.00
62.50
140.62
117.19
117.19
117.19
117.19
117.19
109.38
109.38
0.00
0.00
0.00
0.00
148.44
117.19
117.19
117.19
117.19
125.00
140.62
62.50
62.50
140.62
148.44
148.44
140.62
132.81
125.00
125.00
125.00
117.19
117.19
117.19
109.38
117.19
117.19
117.19
109.38
109.38
109.38
117.19
117.19
125.00
125.00
125.00
132.81
132.81
140.62
140.62
140.62
140.62
132.81
132.81
132.81
125.00
0.00
0.00
0.00
0.00
62.50
62.50
62.50
0.00
132.81
125.00
109.38
109.38
101.56
101.56
101.56
101.56
101.56
101.56
101.56
101.56
101.56
101.56
101.56
109.38
109.38
109.38
109.38
117.19
125.00
125.00
132.81
0.00
0.00
62.50
62.50
0.00
156.25
132.81
125.00
117.19
117.19
109.38
117.19
117.19
117.19
117.19
62.50
125.00
132.81
125.00
125.00
125.00
132.81
148.44
148.44
117.19
117.19
125.00
0.00
125.00
132.81
109.38
109.38
109.38
117.19
109.38
117.19
125.00
125.00
0.00
62.50
62.50
156.25
148.44
156.25
156.25
164.06
164.06
0.00
0.00
0.00
0.00
0.00
0.00
0.00
0.00
0.00
0.00
0.00
0.00
0.00
0.00
0.00
0.00
0.00
0.00
0.00
0.00
0.00
0.00
0.00
0.00
0.00
0.00
0.00
156.25
148.44
140.62
140.62
140.62
132.81
132.81
132.81
132.81
132.81
140.62
0.00
148.44
148.44
125.00
117.19
125.00
125.00
125.00
125.00
125.00
140.62
0.00
140.62
148.44
132.81
125.00
117.19
117.19
117.19
117.19
117.19
0.00
0.00
0.00
0.00
148.44
148.44
148.44
140.62
140.62
156.25
140.62
62.50
0.00
140.62
148.44
132.81
117.19
101.56
187.50
195.31
187.50
101.56
109.38
109.38
117.19
117.19
125.00
125.00
125.00
132.81
132.81
132.81
132.81
132.81
132.81
125.00
125.00
125.00
117.19
109.38
117.19
0.00
0.00
0.00
0.00
0.00
0.00
0.00
0.00
0.00
0.00
0.00
0.00
0.00
0.00
0.00
0.00
0.00
0.00
0.00
0.00
0.00
0.00
0.00
0.00
0.00
0.00
0.00
0.00
0.00
148.44
125.00
117.19
109.38
195.31
195.31
101.56
101.56
101.56
101.56
0.00
101.56
101.56
101.56
148.44
140.62
148.44
148.44
156.25
132.81
0.00
0.00
0.00
0.00
0.00
0.00
0.00
156.25
109.38
101.56
101.56
101.56
101.56
101.56
101.56
101.56
101.56
101.56
101.56
101.56
101.56
101.56
109.38
101.56
101.56
109.38
101.56
101.56
101.56
101.56
101.56
101.56
101.56
101.56
0.00
0.00
0.00
0.00
0.00
0.00
0.00
0.00
0.00
0.00
0.00
0.00
0.00
0.00
0.00
0.00
0.00
0.00
0.00
0.00
0.00
132.81
132.81
125.00
117.19
117.19
109.38
117.19
117.19
109.38
109.38
109.38
109.38
101.56
109.38
0.00
0.00
0.00
0.00
0.00
0.00
62.50
156.25
132.81
132.81
132.81
132.81
125.00
125.00
125.00
125.00
125.00
125.00
125.00
125.00
125.00
125.00
125.00
125.00
125.00
125.00
125.00
125.00
125.00
125.00
125.00
117.19
109.38
109.38
109.38
109.38
109.38
109.38
117.19
117.19
0.00
62.50
62.50
140.62
156.25
140.62
140.62
140.62
140.62
148.44
156.25
148.44
164.06
148.44
164.06
117.19
125.00
117.19
109.38
109.38
109.38
109.38
109.38
109.38
109.38
117.19
117.19
132.81
132.81
0.00
0.00
0.00
0.00
0.00
0.00
0.00
0.00
0.00
0.00
0.00
0.00
0.00
0.00
0.00
0.00
0.00
0.00
0.00
0.00
0.00
0.00
0.00
0.00
0.00
0.00
0.00
0.00
0.00
0.00
0.00
0.00
0.00
0.00
0.00
0.00
0.00
0.00
0.00
0.00
0.00
0.00
0.00
0.00
0.00
0.00
0.00
0.00
0.00
0.00
0.00
0.00
