0.00
0.00
0.00
0.00
0.00
0.00
0.00
0.00
0.00
0.00
0.00
0.00
0.00
0.00
0.00
0.00
0.00
0.00
0.00
0.00
0.00
0.00
0.00
0.00
0.00
0.00
0.00
0.00
0.00
0.00
0.00
0.00
0.00
0.00
0.00
0.00
0.00
62.50
164.06
62.50
234.38
265.62
257.81
257.81
257.81
257.81
257.81
250.00
62.50
0.00
0.00
0.00
0.00
0.00
78.12
265.62
265.62
257.81
257.81
257.81
257.81
250.00
250.00
242.19
250.00
242.19
242.19
242.19
242.19
242.19
250.00
257.81
257.81
257.81
257.81
250.00
234.38
234.38
226.56
226.56
218.75
210.94
210.94
203.12
195.31
187.50
195.31
203.12
0.00
0.00
0.00
0.00
0.00
0.00
62.50
187.50
242.19
234.38
242.19
234.38
242.19
242.19
242.19
234.38
218.75
0.00
0.00
0.00
0.00
226.56
226.56
218.75
210.94
203.12
187.50
171.88
132.81
203.12
218.75
78.12
85.94
210.94
203.12
62.50
62.50
78.12
70.31
70.31
226.56
234.38
62.50
226.56
210.94
164.06
164.06
109.38
117.19
242.19
281.25
304.69
328.12
62.50
62.50
0.00
0.00
0.00
0.00
0.00
0.00
0.00
0.00
0.00
0.00
0.00
0.00
0.00
0.00
0.00
0.00
0.00
0.00
0.00
0.00
0.00
0.00
242.19
250.00
250.00
265.62
257.81
257.81
257.81
257.81
250.00
250.00
250.00
242.19
242.19
242.19
234.38
226.56
218.75
140.62
62.50
187.50
0.00
93.75
195.31
210.94
210.94
210.94
210.94
210.94
203.12
203.12
203.12
203.12
195.31
195.31
195.31
187.50
187.50
179.69
195.31
0.00
0.00
62.50
195.31
70.31
62.50
70.31
210.94
179.69
179.69
195.31
0.00
0.00
0.00
0.00
0.00
0.00
164.06
242.19
210.94
210.94
203.12
203.12
195.31
195.31
195.31
203.12
203.12
210.94
218.75
226.56
226.56
0.00
0.00
0.00
62.50
62.50
62.50
296.88
62.50
62.50
0.00
0.00
0.00
234.38
218.75
234.38
218.75
132.81
132.81
140.62
101.56
132.81
195.31
62.50
62.50
62.50
0.00
0.00
0.00
0.00
62.50
250.00
250.00
242.19
242.19
242.19
242.19
242.19
242.19
242.19
242.19
242.19
242.19
242.19
234.38
234.38
242.19
0.00
0.00
0.00
0.00
0.00
0.00
0.00
0.00
0.00
0.00
0.00
0.00
0.00
0.00
0.00
0.00
0.00
0.00
0.00
0.00
0.00
0.00
0.00
0.00
0.00
0.00
0.00
0.00
0.00
0.00
0.00
0.00
0.00
0.00
0.00
0.00
0.00
0.00
0.00
0.00
0.00
0.00
0.00
0.00
