0.0001371830701828003
0.00014169886708259583
0.0001341789960861206
0.0001325376331806183
0.00014695003628730773
0.00013879761099815368
0.00013240352272987367
0.00013075023889541626
0.00012876391410827638
0.00013321563601493837
0.000193612277507782
0.0001717381179332733
0.0001525960862636566
0.00013642236590385436
0.00013653337955474854
0.00013719499111175537
0.00015070363879203795
0.0001730114221572876
0.0001834861934185028
0.00020047053694725037
0.00017822980880737304
0.00021587908267974853
0.00017438605427742005
0.00017858445644378663
0.00016997754573822021
0.00014383122324943543
0.00015143901109695434
0.00017406195402145386
0.00017085447907447815
0.0001494176685810089
0.00012999176979064942
0.00012711137533187865
0.00019877254962921142
0.00022207647562026976
0.0001829974353313446
0.00013001933693885804
0.0001377880573272705
0.0001598246395587921
0.00015987828373908997
0.00019194930791854858
0.00017661377787590027
0.00019473657011985778
0.00016519278287887573
0.00017473623156547547
0.00012668147683143617
0.00012733861804008483
0.00012949183583259581
0.000124485045671463
0.00013005882501602173
0.0001256309449672699
0.00016414448618888854
0.0001691080629825592
0.00016566738486289978
0.0001316457986831665
0.00013441592454910278
0.0001294463872909546
0.00013235807418823242
0.00012217164039611815
0.0001382395625114441
0.0001230679452419281
0.00016087666153907776
0.00016562193632125856
0.00018138661980628967
0.0001613028347492218
0.000158768892288208
0.0001513831317424774
0.00012383535504341127
0.00012178868055343628
0.00012647509574890137
0.00013201460242271424
0.00012546628713607788
0.00012641847133636474
0.00012721046805381776
0.00012238621711730958
0.00013056322932243348
0.0001219138503074646
0.00012535825371742248
0.00012540072202682495
0.00016950666904449462
0.00017562508583068848
0.00020251274108886718
0.00015724971890449524
0.00014404356479644776
0.0001311957836151123
0.0001228436827659607
0.00015745311975479126
0.0001872532069683075
0.00018933787941932678
0.0001396864652633667
0.0001890905201435089
0.00015880540013313293
0.00015305653214454652
0.0001394897699356079
0.00013831108808517456
0.0001415729522705078
0.00014021098613739013
0.00014371797442436218
0.0001532047986984253
0.00018670931458473206
0.00018383637070655822
