0.00019295686899229537
0.0001819480297177337
0.00015042687571325966
0.00013662216275237327
0.00011343179747115734
0.00010713033897932185
0.00011314902194710665
9.735379108162813e-05
0.00010252691978632017
9.265056876249091e-05
9.37983047130496e-05
9.37983047130496e-05
9.162897287413131e-05
9.024974911711937e-05
8.903686390366665e-05
9.404781252838845e-05
9.048955385075059e-05
9.598842886991279e-05
0.0001255052034244981
0.00012938089148942813
0.00013493244038071742
0.00014676326929136764
0.00011968751286351403
0.00012690106103586596
0.00012622461762539175
0.00010508576104807299
0.00018646550732989643
0.0001550469287606173
0.00013257459152576535
0.0001313977463300838
0.00015014410018920898
0.0001925521118696346
0.00012125109517297079
0.00010847352271856264
0.00012026553930238236
0.00011524211528689362
0.00012014078539471294
9.67937846516454e-05
0.00010307306467100631
8.527345435563909e-05
9.10329264263774e-05
8.454572322756744e-05
7.947239764901094e-05
8.487146954203761e-05
8.748298467591752e-05
8.224193439927212e-05
8.513206659361373e-05
7.954447768455329e-05
8.54051390359568e-05
7.844802945159202e-05
8.463443711746571e-05
7.961517156556596e-05
7.603196210639422e-05
7.46444214222043e-05
7.592245589855106e-05
8.391225060751272e-05
7.956527000249818e-05
9.321196134700332e-05
7.535967715950899e-05
8.633386257082916e-05
8.25704530228016e-05
7.93698222138161e-05
8.513206659361373e-05
8.805408034213753e-05
9.566268255544263e-05
9.153055590252544e-05
8.285877316497093e-05
0.00010041442028311796
0.0001205497009809627
0.00011452408724052961
0.0001338595567747604
0.00012123307516408521
0.0001130353572756745
0.00011066087456636651
0.0001218471416207247
0.00010465466698934866
8.547306060791016e-05
8.950538413469182e-05
9.391058322995209e-05
8.44778016556141e-05
9.468128514844317e-05
9.625872900319654e-05
9.118401727011038e-05
8.571702380513036e-05
8.535246516382972e-05
8.564217146052871e-05
8.786279101704442e-05
9.379414624946062e-05
9.221947470376658e-05
9.918351506077966e-05
9.287789810535519e-05
9.061153544936069e-05
9.383157242176144e-05
0.00010488476864127226
0.00011299654494884403
0.00012599728828252747
0.0001264990762222645
0.000113939130029013
0.0001487939856773199
0.00016758331032686456
