0.011376585104526618
0.01137681129651192
0.011084739367167156
0.011262923020582932
0.0117676331446721
0.011637051288898175
0.011712401341169309
0.014242045695965107
0.015644562550080128
0.015051622268481132
0.01106698207366161
0.010860843536181327
0.013438778657179613
0.011977542363680326
0.01094658741584191
0.01074666854662773
0.011552892587123774
0.011507884050026918
0.011355450214483798
0.012189795420720026
0.012263117692409417
0.014317196454757299
0.014579343795776366
0.014858278250082945
0.014568059872358274
0.014048173488714757
0.011761758266351162
0.01065051494500576
0.01044914416777782
