0.0
0.0
0.0
0.0
0.0
0.0
0.0
0.0
0.0
0.0
0.0
0.0
0.0
0.0
0.0
0.0
0.0
0.0
0.0
0.0
0.0
0.0
0.0
0.0
0.0
0.0
0.0
0.0
0.0
0.0
0.0
0.0
0.0
0.0
0.0
0.0
0.0
0.0
0.0
0.0
0.0
0.0
0.0
0.0
0.0
0.0
0.0
0.0
0.0
0.0
0.0
0.0
0.0
0.0
0.0
0.0
0.0
0.0
0.0
0.0
0.0
0.0
0.0
0.0
0.0
175.6194559323237
186.89268825397158
188.51631907392374
173.90575554849264
214.58275775297437
166.36815728110574
351.204598174134
351.34381169412313
341.8546153628272
0
125.0
300.08844399749324
296.1084289550781
248.70594267431355
89.06882591093118
82.08955223880598
201.48893908155583
0
0
205.7453155517578
0.0
0.0
0.0
0.0
102.80373831775701
142.85714285714286
255.4141855007018
221.38526501731138
230.37178811527627
69.18238993710692
0
193.2740443247716
0
0
173.05834570797177
218.59134702061283
212.2335821988748
213.82418677119142
122.9050279329609
266.05828054623674
320.5808201251928
350.83744028110823
61.11111111111112
204.24828418749286
0.0
0.0
0.0
0.0
0.0
0
276.2364474801158
237.53907002996036
77.73851590106007
0
301.0879233531331
0
141.02564102564102
101.85185185185185
61.971830985915496
0.0
0.0
0.0
0.0
0.0
0.0
0.0
0.0
0.0
0
213.84020565950448
130.95238095238096
214.933690983713
210.14678313857212
147.6510067114094
234.19896201660336
233.68614516504294
259.8946490844145
260.8997334869921
0
0
138.36477987421384
301.36417937221734
296.1569204325749
240.1310854492754
60.606060606060616
234.86979425804273
208.05488290749852
0
181.30566842976538
175.3135949546354
213.27596294901346
0.0
0.0
0.0
232.97220474970874
0
0
254.91349338225592
84.94208494208495
61.45251396648045
223.25731424615722
222.1104499014122
217.32587659346285
226.46665440086917
0
237.80295455119492
246.6800593954846
73.8255033557047
240.68662393604063
204.3804824930694
219.9092863608457
120.21857923497268
360.0382038659221
337.75712018513116
74.57627118644068
101.85185185185185
286.2661418121013
0.0
0.0
0.0
0.0
0.0
0.0
0.0
0.0
0.0
0.0
0.0
0.0
0.0
0.0
241.76971502742808
68.53582554517135
246.2196123276108
80.5860805860806
224.38465123414136
121.54696132596685
212.2339399725224
210.57298536248882
191.46737507454043
157.14285714285717
205.99431225471668
63.037249283667634
0
259.72797180926295
81.1808118081181
69.84126984126985
149.65986394557825
330.2609308793364
319.55965682229447
307.8693758255559
62.85714285714286
322.3270673483144
312.05877594733255
66.06606606606607
78.01418439716312
323.4652737589574
97.77777777777777
297.5312383686511
67.90123456790124
306.2313831782727
62.14689265536724
303.0776071095819
309.5367197827166
0
247.1910112359551
252.6819188435405
284.51188138518705
274.07941730078323
288.70363880070835
279.30485611564967
286.7113378946903
0
245.21236187811982
67.90123456790124
0.0
0.0
238.32061116390926
240.141357421875
61.971830985915496
65.08875739644971
263.18425705632404
305.55555555555554
244.93665039271522
221.77785641796527
216.18066554876356
229.21852111816406
219.83787536621094
0.0
0.0
0.0
243.09072990197967
91.28630705394191
234.3744306715546
244.02827167454322
0
178.8617886178862
219.52989261141704
202.6428803547851
232.8090248087107
260.88515660565605
0
279.59634499735193
272.1546639350954
0
0
265.2445051760902
314.94818115234375
0
0
255.01404075051457
132.53012048192772
100.0
197.5239339303422
179.29819903911732
164.5371233202883
185.73555850846495
204.95288531600147
118.91891891891893
66.66666666666667
0
224.7476399279314
78.57142857142858
75.60137457044674
178.49621200437593
68.11145510835914
202.60479045355936
194.12011260174648
0
181.61863008337636
140.5357377519627
0.0
0.0
0.0
0.0
0.0
0.0
0.0
0.0
0.0
0.0
0.0
0.0
0.0
0.0
0.0
0.0
0.0
0.0
217.82178217821783
208.21477629876634
222.1571010987558
0
201.6131744612694
231.57894736842104
187.95831443824125
182.55396040933596
215.7265506882008
198.41954526024523
76.38888888888889
227.15111594728143
185.3108067974071
205.65433882516206
200.36621058608876
194.70668645617044
0
0
62.322946175637405
215.68627450980392
236.9619443611982
221.4192242542644
247.1910112359551
110.55276381909547
0.0
0.0
302.31424875647764
317.6184630246065
0
366.4184785201717
180.27070140960515
180.4040103904923
190.44276428222656
170.050916278484
0.0
0.0
0.0
0.0
0.0
0.0
0.0
139.24050632911394
306.2477502906803
0
176.00000000000003
103.77358490566039
0
233.11230365335751
113.98963730569949
125.0
200.55043381604827
0
266.93017701755934
69.84126984126985
303.7961165773936
283.5782992873643
0
310.18642058808257
293.0890808105469
0.0
0
277.64566070482834
275.7096266684835
85.27131782945737
275.10713795904826
285.72882746831715
0
299.12024438643255
332.3917093442548
114.58333333333336
350.6133473245554
198.66683802114585
103.77358490566039
0.0
0.0
0.0
0.0
0.0
0.0
0.0
0.0
0.0
0.0
0.0
0.0
0.0
0.0
0.0
0.0
0.0
0.0
0.0
0.0
0.0
0.0
0.0
0.0
0.0
0.0
0.0
0.0
0.0
0.0
0.0
0.0
0.0
0.0
0.0
0.0
0.0
0.0
0.0
0.0
0.0
0.0
311.26760648565545
301.7804343705909
305.55555555555554
328.8020324707031
340.0186462402344
336.75592041015625
0.0
0.0
0.0
0.0
0.0
0.0
0.0
0.0
0.0
0.0
0.0
0.0
0.0
0.0
0
0
0
