0.0
0.0
0.0
0.0
0.0
0.0
0.0
0.0
0.0
0.0
0.0
0.0
0.0
0.0
0.0
0.0
0.0
0.0
0.0
0.0
0.0
0.0
0.0
0.0
0.0
0.0
0.0
0.0
0.0
0.0
0.0
0.0
0.0
0.0
0.0
0.0
0.0
0.0
0.0
0.0
0.0
0.0
0.0
0.0
0.0
0.0
0.0
76.76282051282051
225.07488801928542
74.61059190031152
209.9867928595306
0
206.68305097133359
226.91551946373906
230.11419499672164
295.679012345679
128.76115429953603
256.1599730269547
245.40734942649595
229.16282800192718
0
225.63691422179144
238.3084577114428
71.59940209267563
0
254.08047456200984
0
228.3297066802703
0
261.06079734694515
0.0
0.0
0.0
0.0
0.0
0.0
0.0
0.0
0.0
0.0
0.0
0.0
0.0
0.0
0.0
0.0
0.0
0.0
0.0
0.0
0.0
0.0
0.0
0.0
0.0
0.0
0.0
0.0
0.0
0.0
0.0
0.0
0.0
0.0
0.0
0.0
0.0
0.0
0.0
0.0
0.0
0.0
0.0
0.0
0.0
0.0
0.0
0.0
0.0
0.0
0.0
0.0
0.0
0.0
0.0
0.0
0.0
0.0
0.0
0.0
0.0
0.0
0.0
72.57575757575758
101.01458875755344
0
241.7074212684343
0
224.88596429709833
61.88630490956072
63.10935441370224
171.68458781362006
71.59940209267563
227.96018365024864
228.49944163500373
229.05329541774998
253.47352919599012
242.86138449217296
74.96087636932707
238.55796931791375
234.53715923180505
226.76005350249827
0
85.38324420677361
236.8622175843226
252.19932180109248
257.7206821011281
250.81913233973745
222.19614937503377
61.4102564102564
244.62319272329424
254.41280863771814
0.0
0.0
0.0
0.0
0.0
0.0
0.0
0.0
0.0
0.0
0.0
0.0
0.0
0.0
0.0
0.0
0.0
0.0
0.0
0.0
0.0
0.0
0.0
0.0
0.0
0.0
0.0
0.0
0.0
0.0
0.0
0.0
0.0
0.0
0.0
0.0
0.0
0.0
0.0
0.0
0.0
0.0
0.0
0.0
0.0
0.0
0.0
0.0
0.0
0.0
0.0
0.0
0.0
0.0
0.0
0.0
0.0
0.0
0.0
0.0
0.0
0.0
0.0
0.0
0.0
0.0
0.0
218.1654342919453
243.27486063937636
79.04290429042904
222.07357970001158
114.04761904761904
0
216.94646593450014
0
135.31073446327684
225.76714025185856
96.18473895582329
135.31073446327684
73.91975308641975
245.24535247923978
245.73559581358006
0
105.04385964912281
231.455348373898
261.9652165960746
235.70750823176152
240.620714242305
0
232.2820227837467
224.39608378363516
235.79233535458127
236.9091630091218
238.78712944402832
0.0
0.0
0.0
0.0
0.0
0.0
0.0
0.0
0.0
0.0
0.0
0.0
0.0
0.0
0.0
0.0
0.0
0.0
0.0
0.0
0.0
0.0
0.0
0.0
0.0
0.0
0.0
0.0
0.0
0.0
0.0
0.0
0.0
0.0
0.0
0.0
0.0
0.0
0.0
0.0
0.0
0.0
0.0
0.0
0.0
0.0
0.0
0.0
0.0
0.0
0.0
0.0
347.1014492753623
0.0
0.0
240.27040748571542
223.9407501220703
217.4228626633284
88.70370370370371
212.5987862107343
212.4342213844981
235.67024143530296
0
211.6230915778558
217.74603582023113
106.39146863705723
0
132.61419966445797
118.29363250732422
105.73951434878587
332.63888888888886
254.1537409625301
0
258.68497762067267
228.8980739459308
120.05012531328322
173.55072463768116
242.7413614647993
0
0
0
250.5408230064557
0.0
0.0
0.0
0.0
0.0
0.0
0.0
0.0
0.0
0.0
0.0
0.0
0.0
0.0
0.0
0.0
0.0
0.0
0.0
0.0
0.0
0.0
0.0
0.0
0.0
0.0
0.0
0.0
0.0
0.0
0.0
0.0
0.0
0.0
0.0
0.0
0.0
0.0
0.0
0.0
0.0
0.0
0.0
0.0
0.0
0.0
0.0
0.0
0.0
0.0
0.0
0.0
0.0
0.0
0.0
0.0
0.0
0.0
0.0
0.0
0.0
0.0
0.0
0.0
0.0
0.0
0.0
0
235.05730283877693
256.10287195130127
257.0269587429425
255.33578434378205
248.50272562742612
0
225.07259698923542
0
233.36039709268277
232.43104779120378
235.43634856247405
0
243.73538973319978
237.28886713697597
252.3044543396994
146.48318042813455
254.15529740101994
237.83298948828167
237.05782447251377
89.19925512104282
225.54283879888703
243.92259216308594
0
0
0
242.390244910401
0.0
0.0
0.0
0.0
0.0
0.0
0.0
0.0
0.0
0.0
0.0
0.0
0.0
0.0
0.0
0.0
0.0
0.0
0.0
0.0
0.0
0.0
0.0
0.0
0.0
0.0
0.0
0.0
0.0
0.0
0.0
0.0
0.0
0.0
0.0
0.0
0.0
0.0
0.0
0.0
0.0
0.0
0.0
0.0
0.0
0.0
198.06198415749253
60.70975918884663
203.90077129856599
186.63205141659824
0
192.21425634997595
65.43715846994536
180.66595397509397
206.6288470644382
197.0237222969109
0.0
0.0
0.0
120.95959595959594
0.0
0.0
0.0
0.0
0.0
0.0
199.63457061854257
184.72918082112008
191.7383957208085
214.4563485233087
81.88034188034187
101.69851380042462
0
193.1139192541513
179.5004745703006
195.89578247070312
211.33692578846484
105.04385964912281
213.6778669168471
185.44448742825605
184.69414130802323
0
207.6848282895484
77.13365539452496
176.4321426267369
0.0
307.05128205128204
0.0
0.0
0.0
0.0
0.0
0.0
0.0
0.0
0.0
0.0
0.0
0.0
0.0
0.0
0.0
0.0
0.0
0.0
0.0
0.0
0.0
0.0
0.0
0.0
0.0
0.0
0.0
0.0
0.0
0.0
0.0
0.0
0.0
0.0
0.0
0.0
0.0
0.0
0.0
0.0
0.0
0.0
0.0
0.0
0.0
0.0
0.0
0.0
0.0
0.0
0.0
0.0
0.0
0.0
0.0
0.0
0.0
0.0
0.0
0.0
0.0
0.0
0.0
0.0
0.0
0.0
0.0
0.0
0.0
0.0
0.0
0.0
0.0
0.0
0.0
0.0
0.0
0.0
0.0
0.0
0.0
0.0
0.0
0.0
0.0
0.0
0.0
0.0
0.0
0.0
0.0
0.0
211.17294311523438
204.69871520996094
198.9207763671875
196.34445190429688
195.30923461914062
194.21385192871094
0.0
0.0
0.0
0.0
0.0
0.0
0.0
0.0
0.0
0.0
0.0
0.0
0.0
0.0
0.0
0
