164.0466813422788
147.2930413716655
165.96021223647165
155.42247036020999
170.16544636866448
167.93893129770993
164.17910447761196
164.81674194335938
0
164.63084411621094
149.84114777864423
165.7894744873047
0.0
0.0
0.0
0.0
0.0
0.0
0.0
0.0
0.0
0.0
0.0
0.0
0.0
0.0
0.0
0.0
0.0
0.0
0.0
0.0
0.0
0.0
0.0
0.0
0.0
0.0
0.0
0.0
0.0
0.0
0.0
0.0
0.0
0.0
0.0
0.0
0.0
0.0
0.0
0.0
0.0
0.0
0.0
0.0
0.0
0.0
0.0
0.0
0.0
288.41694542219875
76.38888888888889
106.79611650485437
272.51402745703064
65.28189910979229
74.57627118644068
89.06882591093118
204.29722553877767
219.49916276848134
244.06764977094383
100.91743119266054
87.64940239043825
0.0
0.0
0.0
0.0
161.49879455566406
175.9587310210083
135.1653087918187
0.0
0.0
0.0
0.0
198.07948201118305
183.42321494540693
179.9246798501701
157.97329074427316
0
146.78897790596977
0
129.28594683875548
112.2288510762595
117.09867944363891
0
137.10886623570514
178.8617886178862
213.7283210427869
232.2574687538452
220.726917538103
221.3496552476402
223.3696494853953
0
91.66666666666667
92.43697478991598
282.05128205128204
110.0
115.78947368421052
137.5
235.39872187981118
66.86930091185411
0
0.0
0.0
0.0
0.0
0.0
0.0
72.60726072607261
0.0
0.0
0.0
62.67806267806268
236.55913978494624
131.94696879199947
147.0393915103327
158.37812864583412
133.4283572887791
94.42060085836911
86.27450980392157
151.72413793103448
169.1402550626854
0
190.20903977578632
0
328.3582089552239
0
192.64814808480907
193.83031512082727
156.90830100227996
177.41935483870967
98.21428571428572
79.42238267148015
148.22430518759387
112.82051282051282
151.6332953638388
136.9882957851887
0.0
0.0
180.5414581298828
172.95393881253543
167.48263761186942
130.17751479289942
183.64750574260452
168.2926455453204
161.46792076936856
166.58354192288007
128.65497076023394
188.89565190909127
63.95348837209303
198.61132292869115
224.48979591836738
197.52053870260477
0
75.08532423208192
196.5523100140919
190.824820845271
86.27450980392157
184.79571005233484
96.0698689956332
92.05020920502092
194.15347379905842
289.4736842105263
157.20853598900212
145.14835487337916
163.655340330174
159.09078675580145
134.58680198370234
127.7619493729106
75.60137457044674
141.7017109137824
81.78438661710037
123.39353682431499
328.3582089552239
63.2183908045977
120.86359977386748
121.22818058157412
0
0
0
0
124.44239314452507
61.971830985915496
0
146.6235937243946
139.2351694205157
106.79611650485437
70.51282051282051
152.71452494247478
159.2932656077974
0
0
181.25225514949577
0
0
180.90442000832456
178.0354195514349
289.4736842105263
152.37458532490248
0
146.51220547391634
141.777145526147
144.35762871447366
167.74276606590743
169.6543206891405
90.90909090909092
166.24181340055353
160.1664736710881
149.93520295137264
176.83613681235565
84.61538461538461
172.50549053381047
0.0
0.0
0.0
0.0
0.0
0.0
62.322946175637405
137.2004528588455
169.407831279309
139.60273246305084
148.3282941060325
148.13838675952056
136.7247975113337
0
136.06874084472656
130.95238095238096
153.50648516634365
0.0
71.6612377850163
0.0
148.83751314638167
134.18438508314685
0
0
143.32387188957506
111.11111111111111
148.3702782767195
143.0472042044506
0.0
0.0
0.0
217.20043656694952
212.5145234530729
189.6671222695925
67.2782874617737
0
151.74183776562376
137.93307027748133
149.21092306597882
143.4239370832226
141.68979146495525
180.32786885245903
176.00000000000003
0
124.87328093958001
114.41489034320615
117.78264820803358
113.65355799048302
132.0643586273318
72.60726072607261
115.74548418526776
110.14043072680207
135.58792987956906
0.0
0.0
67.6923076923077
137.25732620205258
142.59453573081205
129.66863226061355
61.28133704735376
133.33333333333334
116.76513151620486
118.92181604675446
141.00988864109098
106.4409794588986
139.61583308534114
109.30418231122235
149.65986394557825
120.0682915786688
136.4807124777114
126.00362376345748
129.12911859767308
0
125.96279979931964
165.50332617762527
0
83.01886792452831
0
198.98732432865322
167.93893129770993
222.1068143108394
150.68493150684932
105.26315789473685
188.91386838060794
203.5329800148089
0.0
0.0
0.0
0.0
0.0
176.32878798192576
166.01820235070298
187.17698200297295
176.4706290511716
176.92861526165282
205.70748166543626
0
0
224.9591431088665
149.65986394557825
192.85544016108037
183.30126386119053
78.85304659498209
143.79084967320264
213.59223300970874
0
0
189.35830561208633
178.51397447915514
0
218.26787355839141
227.6156589337935
74.32432432432434
147.6510067114094
214.91778778922256
144.73684210526315
149.65986394557825
249.908426082576
223.36706757188017
241.22575879763437
228.50054931640625
0.0
0.0
0.0
0.0
0.0
0.0
0.0
0.0
0.0
0.0
0.0
0.0
0.0
0.0
0.0
0.0
228.86471557617188
230.23870849609375
228.52882385253906
0
241.3734919711171
228.33407592773438
237.32833484631064
0
0
232.1260403921227
235.19871520560997
0
221.70911166390306
231.57894736842104
229.62213134765625
0
0
224.12905883789062
0
223.8512619018501
0
214.05879025755002
228.2583845835026
238.4034423828125
273.0101623535156
262.43056162764594
263.6415798735068
0.0
0.0
0
0
