0.0
0.0
0.0
0.0
0.0
0.0
0.0
0.0
0.0
0.0
0.0
0.0
0.0
0.0
0.0
0.0
0.0
0.0
0.0
0.0
0.0
0.0
0.0
0.0
0.0
0.0
0.0
0.0
0.0
0.0
0.0
0.0
0.0
0.0
0.0
0.0
0.0
0.0
0.0
0.0
0.0
0
281.103132707819
0
266.4721435214456
105.73951434878587
0
261.2239615719122
0
268.6300871908655
0.0
0.0
0.0
0.0
292.9298015935552
276.52487160747563
296.05883673746354
0
259.84498434352946
199.58333333333334
81.4625850340136
103.01075268817203
0
0
238.54689267195027
279.1311390301711
257.56713215272316
265.89808383008653
0
254.85815803114716
0
0
267.7158231709538
254.0065807895032
280.2110083630058
260.3251580984042
266.7355605985529
260.2164411533959
0
79.83333333333333
101.0548523206751
234.86128644553028
228.13345695021658
84.03508771929825
194.90872572045097
181.4930396696465
123.48121426714343
119.0562848048202
0.0
0.0
0.0
0.0
0.0
0.0
82.72884283246977
62.127107652399474
263.75514553532844
255.2907257080078
255.97188354913837
260.7037695815162
243.5019354080893
120.05012531328322
0
0
70.64896755162242
0
218.7214611872146
0.0
0.0
233.5857161467184
223.0293149487016
325.8503401360544
196.2411660867393
77.13365539452496
185.18886215960254
96.76767676767676
0.0
218.7214611872146
0.0
0.0
0.0
0.0
0.0
0.0
0.0
0.0
0.0
0.0
161.2794612794613
81.04906937394247
79.04290429042904
77.88617886178861
106.49057638112552
295.679012345679
92.82945736434108
122.40050937307626
110.97897966363072
134.50843607927936
168.7625205034525
0
0
179.632225293233
191.78181156912675
196.48822539124427
0.0
0.0
0.0
0.0
0.0
0.0
0.0
0.0
0.0
0.0
0.0
0.0
0.0
0.0
0.0
0.0
0.0
0.0
0.0
0.0
0
276.2107227724564
246.9761947305126
251.63458085590332
254.77342365752244
267.7932432828588
283.60980555045734
282.86149620477516
127.73333333333333
255.98200558431054
250.51275446999603
159.66666666666666
64.90514905149051
135.31073446327684
0
247.25326209881803
226.28572050397855
252.18148417985591
0.0
0.0
0.0
0.0
0.0
210.87999068206992
233.58948673886266
209.937873209678
235.66427394996865
207.97049776936032
0
173.55072463768116
194.43825448732477
126.71957671957672
69.42028985507245
191.64926286564693
0
0
0
0
133.05555555555554
0
199.25721408687858
208.1627961313273
0.0
0.0
111.65501165501166
0.0
0.0
0.0
0.0
0.0
0.0
0.0
0.0
0.0
0.0
0.0
0.0
0.0
0.0
84.03508771929825
230.43953473809276
0
0
201.2766703475176
185.65891472868216
149.22118380062304
226.90769328616483
199.58646812644795
0
76.76282051282051
0
0
0.0
0.0
0.0
0.0
0
337.5068077101692
77.13365539452496
0
142.5595238095238
0.0
0.0
0.0
76.39553429027113
243.96091422722276
242.00778692634105
0
126.36989246411032
87.72893772893772
0.0
0.0
101.69851380042462
0.0
65.70644718792867
0.0
145.15151515151516
0.0
0.0
0.0
0.0
0.0
140.05847953216374
140.05847953216374
257.047010040421
244.68657402193972
122.8205128205128
253.3639047240216
0
0
251.63776267555085
248.76994569233747
255.72605243688068
235.65591997487795
258.6720973329002
245.27179582064775
0
0
246.9128875732422
0.0
0.0
0.0
0.0
71.2797619047619
60.02506265664161
0.0
0.0
0.0
0.0
0.0
0.0
0.0
0.0
0.0
0.0
0.0
0.0
0.0
0.0
0.0
0.0
0.0
0.0
0.0
0.0
0.0
0.0
0.0
0.0
0.0
0.0
0.0
0.0
0.0
0.0
0.0
0.0
0.0
0.0
0.0
0
