0.0
0.0
0.0
0.0
0.0
0.0
0.0
0.0
0.0
0.0
0.0
0.0
0.0
0.0
0.0
0.0
0.0
0.0
0.0
0.0
0.0
0.0
0.0
0.0
0.0
0.0
0.0
0.0
0.0
0.0
0.0
0.0
0.0
0.0
0.0
0.0
0.0
0.0
0.0
0.0
0.0
0.0
0.0
0.0
0.0
0.0
0.0
0.0
0.0
0.0
166.31944444444443
141.4522222082366
125.55707260096123
113.51419047030055
145.15151515151516
120.96429267189674
119.1542288557214
105.87708005913352
119.28894989716488
106.77870329981029
132.11922629022675
339.7163120567376
0.0
0.0
0
0
68.23361823361823
65.17006802721089
0
133.06588549485605
125.81159593393568
0
0.0
0.0
0.0
0.0
0.0
96.65972130939926
115.48168182373047
0
98.08370322558915
199.58333333333334
0.0
0.0
0.0
0.0
0.0
130.45132530777968
139.5420907308911
142.63630973934323
126.86130322674687
118.36370032830317
0
113.84192405452023
101.6314095109023
102.86054898972058
339.7163120567376
0
0
84.03508771929825
102.40110099978855
113.36993581323543
0
108.24371002883517
117.06291667958905
105.14277148140977
114.34818519588882
128.540023951758
142.30023896083506
64.64237516869096
133.92267222902004
133.34210472307865
107.15883668903803
241.9191919191919
0
111.73773230431682
130.6029859867746
0
137.06151220116766
0.0
0.0
0.0
0.0
0.0
0.0
0.0
0.0
130.19339564376597
122.84528667291215
93.92156862745098
0
60.251572327044016
60.47979797979797
66.52777777777777
94.88019203585606
107.3553411597326
0
81.4625850340136
106.5453886803632
85.53959473002065
97.2862280306202
95.94851391667744
91.76245210727969
95.03461796047834
238.3084577114428
238.3084577114428
0
133.67656823840312
132.51307747276203
137.23296636453983
0.0
0.0
0.0
0.0
0.0
115.43715436331405
137.50076317504127
133.48444651078376
93.92156862745098
62.61437908496732
128.13274897399464
98.72667402727775
295.679012345679
120.97420860394986
133.83106111523014
148.71006513087568
84.47971781305115
108.82386298385126
113.96398610238724
156.53594771241828
75.31446540880502
0.0
179.4007490636704
0.0
76.03174603174602
0.0
0.0
0.0
0.0
118.33351432181513
127.05111388701424
130.87431693989072
127.41168767853962
121.68325994503279
270.6214689265537
129.92290143416682
133.56181430076563
0.0
0.0
0
0
137.0894096057878
175.17936342864854
146.44647950520982
78.26797385620914
181.6735960778302
174.73123970078362
189.2753904443379
0.0
0.0
0.0
0.0
0.0
0.0
0.0
0.0
0.0
0.0
0.0
0.0
0.0
0.0
0.0
0.0
0.0
0.0
0.0
0.0
0.0
0.0
0.0
0.0
0.0
0.0
147.99740019202596
130.5381791162564
126.50055442075497
156.94581484107965
138.2510072129062
141.92323620833633
113.23877068557918
149.96497186555195
119.1542288557214
138.4939420761388
120.59206671985223
210.08771929824562
117.3572087882508
100.41928721174003
319.3333333333333
107.97896657222503
133.04079555507397
108.05735454478442
121.14395641750383
0.0
0.0
0.0
0.0
194.71544715447155
140.96807999658108
0
98.62672939376833
82.72884283246977
185.65891472868216
96.3049097095505
132.22956786001657
0.0
0.0
0.0
0.0
146.41883083904847
68.82183908045977
0
146.63905875454668
0.0
0.0
0.0
0.0
0.0
0.0
0.0
0.0
0.0
129.81029810298102
94.95573969446882
86.75409019672487
109.02075577023885
96.96074759802525
103.67965367965368
91.1657764156545
0
100.9561392244953
78.6535303776683
0
0
0
72.90715372907154
0
142.97032481330388
112.79243862526363
0
87.72893772893772
110.74301989237829
64.12315930388219
132.8717526440679
102.03911854916906
121.37318075136976
107.62986554594572
0.0
0.0
0.0
0.0
0.0
0.0
0.0
0.0
0.0
0.0
0.0
0.0
0.0
0.0
0.0
0.0
0.0
0.0
0.0
0.0
0.0
0.0
0.0
0.0
0.0
0.0
0.0
0.0
115.38326693565034
107.00827068867078
136.5071154589398
0
97.09620241281708
88.62640480752304
0
96.79179540023189
80.628536762892
82.1908952785733
0.0
0.0
0.0
0.0
0.0
141.91306514099057
92.29287090558766
69.42028985507245
157.17749510166328
60.02506265664161
0.0
0.0
0.0
0.0
0.0
0.0
0.0
0.0
95.03968253968253
65.17006802721089
105.3742527463664
354.81481481481484
97.49879850610748
101.0548523206751
102.36204206789756
100.76885164514927
115.55478537869921
111.57378269584451
0
0
152.06349206349205
97.95501022494888
102.49094418076994
177.40740740740742
114.22330215629
100.29681427815362
108.5000013483231
0
0
127.73333333333333
86.77536231884058
115.4727871705526
85.39723420800482
112.16680487044226
0.0
0.0
0.0
0.0
0.0
0.0
0.0
0.0
0.0
0.0
0.0
0.0
0.0
0.0
0.0
0.0
0.0
0.0
0.0
0.0
0.0
0.0
137.107572104218
141.83924642572376
113.05080830097774
106.83392163864444
126.26251451976759
121.84002827229821
100.99277744107307
126.06951905005698
127.34702315314811
92.66189164082165
0
113.42340189524086
96.39862964238897
0.0
0.0
0.0
0.0
0.0
0.0
0.0
137.55887149603785
144.67046532743626
121.6071086425986
81.04906937394247
134.26915269519222
144.81605176369678
0
124.53579223483442
140.10380308635692
166.31944444444443
0
107.88288288288287
125.95422473095874
145.95814633934253
111.22537044873647
135.99304806004406
138.30868066467943
133.19492598935457
131.8920302376747
138.8181910698178
0
106.89428589443574
140.1772123489488
0
110.95691680908203
110.62828063964844
119.08968023887722
91.23809523809523
111.51248740818883
0
108.64406276577716
0
125.69202300211
0.0
347.1014492753623
0.0
0.0
148.38252134535645
139.0464295640346
142.8919454932627
124.99748782650754
120.9457980688172
139.45413418671177
0.0
0.0
0.0
0.0
0.0
0.0
129.81029810298102
0
120.97107042435425
63.35978835978836
106.6126738157825
99.79166666666667
105.63655590340558
110.05750355357536
0
127.48284630079652
84.03508771929825
129.1325533730046
116.0358274671331
131.59187227686368
144.56379152805198
0.0
0.0
0.0
0.0
0.0
0.0
0.0
0.0
0.0
0.0
0.0
0.0
0.0
0.0
0.0
0.0
0.0
0.0
0.0
0.0
0.0
0.0
0.0
0.0
0.0
0.0
0.0
0.0
0.0
0.0
0.0
0.0
0.0
0.0
0.0
0.0
0.0
0.0
0.0
0.0
0.0
0.0
0.0
0.0
0.0
0.0
0.0
0.0
0
